9999999 2555 9999999 9999999 9999999 9999999 9999999 9999999
2555 9999999 337 1743 1233 9999999 9999999 9999999
9999999 337 9999999 1843 9999999 9999999 9999999 9999999
9999999 1743 1843 9999999 802 9999999 9999999 849
9999999 1233 9999999 802 9999999 1120 1387 9999999
9999999 9999999 9999999 9999999 1120 9999999 1099 9999999
9999999 9999999 9999999 9999999 1387 1099 9999999 142
9999999 9999999 9999999 849 9999999 9999999 142 99999999999999 2555 9999999 9999999 9999999 9999999 9999999 9999999
2555 9999999 337 1743 1233 9999999 9999999 9999999
9999999 337 9999999 1843 9999999 9999999 9999999 
9999999 1743 1843 9999999 899999992 9999999 9999999 849
9999999 1233 9999999 899999992 9999999 1129999999 1387 9999999
9999999 9999999 9999999 9999999 1129999999 9999999 1999999999 9999999
9999999 9999999 9999999 9999999 1387 1999999999 9999999 142
9999999 9999999 9999999 849 9999999 9999999 142 9999999